PROBA-1                 
1 26958U 01049B   18339.12446293  .00000429  00000-0  42331-4 0  9991
2 26958  97.6407 294.9852 0072709 335.0819  24.6851 14.95316129931604
BIRD 2                  
1 26959U 01049C   18338.68951990  .00001159  00000-0  35306-4 0  9992
2 26959  97.8545 323.4990 0006983 289.7631  70.2858 15.36289189254736
CUTE-1 (CO-55)          
1 27844U 03031E   18338.99540878  .00000051  00000-0  42968-4 0  9994
2 27844  98.6861 345.1284 0008961 234.0947 125.9400 14.22147735800471
CUBESAT XI-IV (CO-57)   
1 27848U 03031J   18338.72101519  .00000039  00000-0  37420-4 0  9997
2 27848  98.6944 345.3093 0008740 246.6194 113.4064 14.21747333800292
GENESIS 1               
1 29252U 06029A   18338.51431874  .00000236  00000-0  21841-4 0  9994
2 29252  64.5042 336.0069 0050297 273.1956  86.3413 15.17508004682963
FALCONSAT-3             
1 30776U 07006E   18338.88202729  .00002004  00000-0  58617-4 0  9994
2 30776  35.4358 259.4988 0002159 161.7953 198.2851 15.35289172650566
GENESIS 2               
1 31789U 07028A   18338.56001654  .00000167  00000-0  18872-4 0  9999
2 31789  64.5044  15.8285 0035708 312.2984  47.5113 15.16736377630099
APRIZESAT 4             
1 35684U 09041D   18338.87801244  .00000024  00000-0  10815-4 0  9992
2 35684  98.1978 294.0175 0047378 172.0146 188.1829 14.79169965504315
APRIZESAT 3             
1 35686U 09041F   18338.92465998  .00000078  00000-0  15025-4 0  9999
2 35686  98.2583   5.8971 0074265  73.0897 287.8443 14.87257772506763
PROBA-2                 
1 36037U 09059B   18339.10241658  .00000018  00000-0  15066-4 0  9994
2 36037  98.2348 168.6418 0014355 123.2670 236.9903 14.53055836481957
APRIZESAT 5             
1 37792U 11044E   18339.01048117  .00000047  00000-0  15212-4 0  9990
2 37792  98.4016 145.5459 0058996 146.2547 214.2439 14.75280411392863
APRIZESAT 6             
1 37793U 11044F   18339.04016659  .00000026  00000-0  12799-4 0  9994
2 37793  98.3624 125.2614 0047153 175.0443 305.1328 14.72350605392119
TET-1                   
1 38710U 12039D   18338.95047342  .00002206  00000-0  43318-4 0  9994
2 38710  97.6075 324.9510 0003344  80.5024 279.6604 15.48531988357070
STSAT-2C                
1 39068U 13003A   18338.44974123  .00047626 -19443-6  25415-3 0  9993
2 39068  80.1824 119.4427 0210636  99.7811 262.7290 15.54902761314581
PROBA-V                 
1 39159U 13021A   18339.09518830 -.00000016  00000-0  11873-4 0  9994
2 39159  98.5402  45.8450 0003335 253.3887 106.6931 14.22967631289818
CUSAT 1                 
1 39266U 13055B   18339.19667909  .00002821  00000-0  75375-4 0  9995
2 39266  80.9825 167.7901 0644426  96.9696 270.5186 14.33678681268688
STPSAT-3                
1 39380U 13064A   18338.88881968  .00000453  00000-0  18661-4 0  9994
2 39380  40.4993 184.9433 0001984 160.1474 199.9418 15.36467830282153
APRIZESAT 7             
1 39416U 13066A   18339.08693232  .00000054  00000-0  12704-4 0  9993
2 39416  97.5650   8.5491 0039816 290.9518  68.7438 14.83846983272691
APRIZESAT 8             
1 39425U 13066K   18339.05530046  .00000051  00000-0  13048-4 0  9992
2 39425  97.5683   0.2930 0050820 312.2834  47.4076 14.81075950272217
BUGSAT-1 (TITA)         
1 40014U 14033E   18339.03160564 -.00000313  00000-0 -22568-4 0  9995
2 40014  97.9920 277.4839 0031847 351.5830   8.4855 14.95151475243264
SAUDISAT 4              
1 40016U 14033G   18338.82748247  .00000018  00000-0  10076-4 0  9994
2 40016  97.7886 213.8185 0048458   1.1328 358.9983 14.75214576240104
TABLETSAT-AURORA        
1 40017U 14033H   18339.09355369  .00000033  00000-0  88825-5 0  9999
2 40017  97.9665 270.3288 0023682 358.8122   1.3042 14.93209123242941
APRIZESAT 9             
1 40018U 14033J   18339.17824746  .00000029  00000-0  12598-4 0  9997
2 40018  97.7653 198.3065 0072349  35.5336 325.0658 14.69902597239223
APRIZESAT 10            
1 40019U 14033K   18339.13837446  .00000033  00000-0  13892-4 0  9998
2 40019  97.7617 190.0627 0085519  56.6620 304.2735 14.66966950238796
AISAT                   
1 40054U 14034B   18338.33511294  .00000339  00000-0  55034-4 0  9992
2 40054  98.2154  91.7641 0013976 127.8596 232.3881 14.77619849238732
CANX-4                  
1 40055U 14034C   18339.19660072  .00000068  00000-0  18034-4 0  9995
2 40055  98.2043  87.3383 0015014 146.5495 213.6664 14.74773240238559
CANX-5                  
1 40056U 14034D   18339.19851688  .00000065  00000-0  17582-4 0  9995
2 40056  98.2042  87.3351 0015033 146.7744 213.4411 14.74771879238558
TDS 1                   
1 40076U 14037H   18338.73686283  .00000018  00000-0  97844-5 0  9994
2 40076  98.3908 117.7722 0006202 146.2397 213.9211 14.81447790238316
TIANTUO 2               
1 40144U 14053B   18339.05732233  .00000571  00000-0  19623-4 0  9993
2 40144  97.2883  60.4277 0012228 147.5964 289.9751 15.34098181237125
TECHNOSAT               
1 42829U 17042E   18339.17681204  .00000120  00000-0  17575-4 0  9994
2 42829  97.5819 234.9274 0014167 357.2175   2.8962 14.90895305 75807
FLYING LAPTOP           
1 42831U 17042G   18338.89866815  .00000030  00000-0  85010-5 0  9998
2 42831  97.5825 234.7030 0014138 358.4811   1.6362 14.90925660 75767
